var outcomesA = {
    1: [[400, 100], [400, 100], [400, 100], [400, 100], [400, 100], [400, 100], [400, 100], [400, 100], [400, 100], [400, 100], [400, 100], [400, 100]],
    2: [[400, 300], [400, 300], [400, 300], [400, 300], [400, 300], [400, 300], [400, 300], [400, 300], [400, 300], [400, 300], [400, 300], [400, 300], [400, 300], [400, 300]],
    3: [[250, -40], [40, -40], [10, -40], [10, -40], [10, -80], [10, -80], [10, -80]]
  };

  var outcomesB = {
    1: [[680, 50], [750, 50], [830, 50], [930, 50], [1060, 50], [1250, 50], [1500, 50], [1850, 50], [2200, 50], [3000, 50], [4000, 50], [6000, 50]],
    2: [[540, 50], [560, 50], [580, 50], [600, 50], [620, 50], [650, 50], [680, 50], [720, 50], [770, 50], [830, 50], [900, 50], [1000, 50], [1100, 50], [1300, 50]],
    3: [[300, -210], [300, -210], [300, -210], [300, -160], [300, -160], [300, -140], [300, -110]]
  };